{'Archean Earth': {'CH4': 1.6939374896500134e-05,
                   'CO': 9.88130202295841e-06,
                   'CO2': 0.031055520643583568,
                   'H2': 3.5290364367708606e-06,
                   'H2O': 0.0006352265586187549,
                   'HNO3': 0.0,
                   'He': 0.0,
                   'N2': 0.9682786665317175,
                   'N2O': 0.0,
                   'NH3': 0.0,
                   'NO': 0.0,
                   'NO2': 0.0,
                   'O2': 2.365527239713255e-07,
                   'O3': 0.0,
                   'OCS': 0.0,
                   'SO2': 0.0},
 'Earth': {'CH4': 5.593972028713674e-07,
           'CO': 9.789451050248928e-10,
           'CO2': 0.000615336923158504,
           'H2': 2.0977395107676273e-09,
           'H2O': 0.0006293218532302882,
           'HNO3': 0.0,
           'He': 7.328103357614912e-07,
           'N2': 0.7643994958076373,
           'N2O': 4.768861154478406e-07,
           'NH3': 5.9435952805082775e-08,
           'NO': 0.0,
           'NO2': 3.216533916510362e-08,
           'O2': 0.2343538641709306,
           'O3': 1.1747341260298715e-07,
           'OCS': 0.0,
           'SO2': 0.0},
 'Eocene Earth': {'CH4': 2.65235777644498e-06,
                  'CO': 9.283252217557428e-08,
                  'CO2': 0.0021881951655671078,
                  'H2': 1.9892683323337345e-09,
                  'H2O': 0.0005967804997001205,
                  'HNO3': 0.0,
                  'He': 6.949177374285847e-07,
                  'N2': 0.7319751541021857,
                  'N2O': 4.5222700088386897e-07,
                  'NH3': 5.636260274945582e-08,
                  'NO': 0.0,
                  'NO2': 3.050211442911727e-08,
                  'O2': 0.26523577764449796,
                  'O3': 1.1139902661068916e-07,
                  'OCS': 0.0,
                  'SO2': 0.0},
 'Pure Steam': {'CH4': 0.0,
                'CO': 0.0,
                'CO2': 0.0,
                'H2': 0.0,
                'H2O': 1.0,
                'HNO3': 0.0,
                'He': 0.0,
                'N2': 0.0,
                'N2O': 0.0,
                'NH3': 0.0,
                'NO': 0.0,
                'NO2': 0.0,
                'O2': 0.0,
                'O3': 0.0,
                'OCS': 0.0,
                'SO2': 0.0}}
